0.99096661806107
0.98798614740372
0.96942532062531
0.94853311777115
0.9483271241188
0.94673770666122
0.89568799734116
0.88446551561356
0.86403781175613
0.85939359664917
0.83591294288635
0.75716179609299
0.75358128547668
0.74803084135056
0.68945264816284
0.66827845573425
0.65363150835037
0.63411992788315
0.61251699924469
0.61135059595108
0.60615307092667
0.59029811620712
0.58961629867554
0.55799496173859
0.54854726791382
0.52606225013733
0.52331829071045
0.49694201350212
0.49188759922981
0.48712927103043
0.48453849554062
0.4730641245842
0.46889424324036
0.43030884861946
0.39810049533844
0.39208900928497
0.37878665328026
0.36949980258942
0.3600093126297
0.35682019591331
0.35081732273102
0.33855071663857
0.31798413395882
0.3158717751503
0.31213513016701
0.30999276041985
0.3062410056591
0.28730314970016
0.28700035810471
0.28262266516685
0.27667877078056
0.27069967985153
0.25247737765312
0.23567424714565
0.23272250592709
0.22697134315968
0.21989762783051
0.21796041727066
0.21726356446743
0.21684721112251
0.21114754676819
0.21009546518326
0.20306807756424
0.20190367102623
0.19831947982311
0.19354678690434
0.18685546517372
0.18539346754551
0.18354290723801
0.18170443177223
0.18033844232559
0.17948825657368
0.16665881872177
0.16503776609898
0.16449534893036
0.1644191890955
0.16157361865044
0.15974137187004
0.15718579292297
0.15668122470379
0.15399205684662
0.15371406078339
0.15199455618858
0.15159368515015
0.15145878493786
0.13766439259052
0.13302983343601
0.12903691828251
0.12574584782124
0.12441117316484
0.12346733361483
0.11701276153326
0.11195226758718
0.11133357137442
0.11065780371428
0.10974108427763
0.10950669646263
0.10801550000906
0.10233464092016
0.10129299759865
