0.99710494279861
0.99138247966766
0.96788060665131
0.96669262647629
0.96327364444733
0.95473396778107
0.94028651714325
0.93766409158707
0.93574351072311
0.91170889139175
0.90909653902054
0.87729299068451
0.87456440925598
0.86412459611893
0.8590167760849
0.84458786249161
0.80896288156509
0.80170124769211
0.77659916877747
0.72370201349258
0.7206643819809
0.71845203638077
0.68006211519241
0.67036885023117
0.65248137712479
0.64869111776352
0.6248037815094
0.61874353885651
0.60334581136703
0.59695565700531
0.58513516187668
0.58085012435913
0.57918608188629
0.56533831357956
0.56272739171982
0.5607163310051
0.5069745182991
0.47696408629417
0.47130972146988
0.46147564053535
0.4538921713829
0.42871055006981
0.41547045111656
0.36846369504929
0.34999677538872
0.34222793579102
0.3332956135273
0.33120688796043
0.33097818493843
0.32801824808121
0.32601296901703
0.31813743710518
0.30386233329773
0.28696694970131
0.28283140063286
0.27581086754799
0.26968124508858
0.269372433424
0.25672879815102
0.2513582110405
0.24893434345722
0.24072732031345
0.24070085585117
0.22166492044926
0.21572802960873
0.2152933627367
0.20749774575233
0.20029681921005
0.19921092689037
0.19660830497742
0.19643451273441
0.1964114010334
0.19488370418549
0.19289536774158
0.19138871133327
0.19125314056873
0.19038109481335
0.18479469418526
0.18372045457363
0.18152703344822
0.1798807233572
0.17770014703274
0.16827592253685
0.16114540398121
0.16109430789948
0.15881539881229
0.1582109183073
0.15769729018211
0.15642333030701
0.15343078970909
0.14870887994766
0.14224250614643
0.13987351953983
0.13897886872292
0.13827246427536
0.13672438263893
0.13212767243385
0.13137356936932
0.13117879629135
0.12828209996223
