0.99778926372528
0.99336713552475
0.97724729776382
0.95604175329208
0.94104343652725
0.92828798294067
0.92212104797363
0.9153123497963
0.89953702688217
0.89854311943054
0.8779958486557
0.87641483545303
0.87373995780945
0.85372060537338
0.85050958395004
0.80125099420547
0.77003562450409
0.76360100507736
0.7620632648468
0.75081068277359
0.72068691253662
0.71500706672668
0.68069016933441
0.6745633482933
0.65840709209442
0.63896912336349
0.62300682067871
0.61891770362854
0.5793833732605
0.55425131320953
0.48924976587296
0.47514897584915
0.44772452116013
0.43716484308243
0.41720503568649
0.41548228263855
0.38895478844643
0.38163840770721
0.36810705065727
0.36463797092438
0.35384505987167
0.33822572231293
0.33756726980209
0.32427704334259
0.31821250915527
0.31496086716652
0.31361240148544
0.31231388449669
0.30419164896011
0.29711064696312
0.29028484225273
0.29004344344139
0.28768754005432
0.28650200366974
0.27926826477051
0.27326056361198
0.26656112074852
0.2648049890995
0.26420187950134
0.2069226205349
0.20254662632942
0.19947202503681
0.19856595993042
0.19395117461681
0.19321396946907
0.18588773906231
0.18434348702431
0.18355447053909
0.16993302106857
0.16908630728722
0.16684380173683
0.16227112710476
0.15645684301853
0.15410599112511
0.15341955423355
0.15228563547134
0.14884519577026
0.14601017534733
0.14180260896683
0.13570021092892
0.13556373119354
0.13152354955673
0.12933398783207
0.12728114426136
0.12626671791077
0.12279449403286
0.12101715058088
0.11949014663696
0.11946044117212
0.11713873594999
0.11535829305649
0.11525905877352
0.11406925320625
0.11213657259941
0.1093649789691
0.10715453326702
0.1029065027833
0.10202510654926
0.10150516033173
0.097559683024883
