0.99826169013977
0.98554372787476
0.96857291460037
0.96598196029663
0.96046155691147
0.95369499921799
0.93262726068497
0.92826557159424
0.91895467042923
0.91308456659317
0.85547178983688
0.84180492162704
0.8417586684227
0.8233494758606
0.78577065467834
0.77129405736923
0.76085889339447
0.75997161865234
0.75632053613663
0.71232116222382
0.70331633090973
0.69972360134125
0.66412574052811
0.66272723674774
0.65515273809433
0.62303411960602
0.62149691581726
0.6145201921463
0.61250406503677
0.60708975791931
0.59197932481766
0.52651858329773
0.51001596450806
0.50139659643173
0.491415143013
0.48289361596107
0.46404734253883
0.45895799994469
0.45502144098282
0.45325550436974
0.44048729538918
0.42978096008301
0.41101574897766
0.37571382522583
0.36830365657806
0.34890633821487
0.3281931579113
0.3245242536068
0.31706482172012
0.30417495965958
0.30203646421432
0.29914727807045
0.28994587063789
0.28888821601868
0.28648167848587
0.27791649103165
0.27667534351349
0.2708155810833
0.26459008455276
0.2632871568203
0.26013624668121
0.25616708397865
0.25442242622375
0.24793419241905
0.24598306417465
0.23990789055824
0.22742381691933
0.225820556283
0.22435757517815
0.21359483897686
0.21229335665703
0.21197955310345
0.21043221652508
0.20829850435257
0.20530281960964
0.2030318826437
0.19837193191051
0.19828945398331
0.19807353615761
0.192522585392
0.19196774065495
0.19176840782166
0.19054463505745
0.18245033919811
0.17911349236965
0.17537796497345
0.17368091642857
0.17059578001499
0.16856451332569
0.16595904529095
0.16279585659504
0.16132406890392
0.16011440753937
0.1599917113781
0.15789295732975
0.15536676347256
0.15478220582008
0.15349112451077
0.15149869024754
0.14939610660076
